1,0,0,0,1013,260        //compact landscape 19:9 + DPAD + A/B
2,1,0,95,70,65	        //upleft
2,2,70,85,65,70  	    //up
2,3,135,95,70,65	    //upright
2,4,0,160,100,70  	    //left
2,5,100,160,100,70	    //right
2,6,0,230,70,30   	    //downleft
2,7,70,225,65,35	    //down
2,8,135,230,70,30	    //downright
4,0,10,100,170,150      //DPAD img
3,2,893,140,110,110     //A
3,3,773,160,110,110     //B
3,6,0,0,110,50  	    //exit
3,7,903,0,110,50        //option
3,9,280,0,110,50	    //coin
3,8,560,0,110,50	    //start
5,2,898,145,100,100     //A img
5,3,778,165,100,100     //B img
5,6,0,0,110,50          //exit img
5,7,903,0,110,50        //option img
5,9,280,0,110,50        //coin img
5,8,560,0,110,50        //start img
7,150
