1,0,0,0,1600,900        //16:9 corners: DPAD TL, sys BL, A/B BR
2,1,0,32,100,95         //upleft
2,2,100,18,78,108       //up
2,3,178,32,100,95       //upright
2,4,0,128,140,75        //left
2,5,140,128,140,75      //right
2,6,0,203,100,95        //downleft
2,7,100,203,78,108      //down
2,8,178,203,100,95      //downright
4,0,12,34,256,256       //DPAD img
8,0,12,34,256,256       //analog stick area
3,3,1450,610,130,130    //B (above A)
3,2,1450,755,130,130    //A (bottom-right)
5,3,1456,616,118,118    //B img
5,2,1456,761,118,118    //A img
7,150
